# ombh2 omch2 cosmomc_theta logA ns tau a_tSZ alpha_tSZ a_kSZ a_p beta_p a_c a_s beta_s a_gtt a_gte a_gee a_psee a_pste xi calG_all cal_dr6_pa4_f220 cal_dr6_pa5_f090 cal_dr6_pa5_f150 cal_dr6_pa6_f090 cal_dr6_pa6_f150 calE_dr6_pa5_f090 calE_dr6_pa5_f150 calE_dr6_pa6_f090 calE_dr6_pa6_f150 bandint_shift_dr6_pa4_f220 bandint_shift_dr6_pa5_f090 bandint_shift_dr6_pa5_f150 bandint_shift_dr6_pa6_f090 bandint_shift_dr6_pa6_f150
2.814942263686341502e-08 -3.227955087241035613e-08 9.656870072104579343e-12 5.052824671062269159e-07 -5.876780803082770081e-07 3.278438652059144050e-08 2.342743248275672593e-06 5.340657862196611799e-06 -1.533999607335949193e-05 2.174663266739512552e-07 -2.129245715672553324e-07 3.908824224740475727e-06 4.986916842407907095e-07 5.133808549434173916e-07 5.813762165721675068e-08 -2.361628251541251049e-07 -1.555606257193385833e-08 -1.620685603144470443e-07 -2.989486961407917466e-07 -4.204557641607087065e-07 1.212178350335975926e-08 5.238930891776860156e-08 -7.184238250903563979e-09 1.202403905039437726e-08 -6.783537897094818934e-09 1.602055355468327242e-08 -6.895963451717099670e-09 -2.160356402903971668e-08 -6.877646444724896592e-09 -2.619334837871632544e-08 4.424155201736433679e-06 -4.519281330344316259e-06 9.532016492468534440e-07 -4.475300976529786391e-06 1.919027879896877641e-06
-3.227955087241035613e-08 4.560644109000807888e-06 -2.529945171981021597e-09 -1.429512524886540620e-06 -7.335400031170189148e-06 -4.580546244614624105e-06 -2.545361990764657585e-05 2.905954843459938796e-05 -2.808569185309862525e-04 -1.805688888839435546e-06 -4.700734838405572828e-07 1.744479111359755134e-06 3.184353393396668089e-05 1.295905129108280145e-05 -9.995419607595941593e-06 4.840035668949314541e-07 -5.073183361377851735e-07 -1.262446288938659002e-06 1.437754352623875372e-06 4.965631711329993755e-07 -8.528311078384986532e-07 4.293989321066663932e-07 -1.501856952078080964e-07 1.167529341715114783e-08 -1.437461993159749499e-07 3.730294762817892310e-08 -1.055032092363885576e-06 -1.178564203169301861e-06 -1.065453639203562419e-06 -1.584692696813125606e-06 -3.117848146922563597e-07 -3.282528191562966008e-05 3.968664677426362810e-05 -3.835454721101147431e-05 3.226078163825412093e-05
9.656870072104579343e-12 -2.529945171981021597e-09 9.508315849801861210e-12 1.251347910403910661e-09 5.896687786084878590e-09 2.965738398397692469e-09 -6.314953958144666824e-09 -4.579224895857376325e-08 2.544419991555040715e-07 5.100901677318082005e-09 1.201955291779180258e-09 -2.876930105183050296e-08 -2.142413717432986370e-08 -9.656748042252801717e-09 1.412040498119267741e-08 7.490810923087503820e-10 5.822580022412448324e-10 5.920481261508950152e-10 -1.029994124930170601e-09 2.333210541628096149e-09 4.508650163143084006e-10 -6.331318485159524039e-10 1.116251382413422653e-10 -8.969013474861377247e-11 1.144752251174177757e-10 -8.363014656902902692e-11 4.545289036318431256e-10 8.966717401795309315e-10 4.613642667792933860e-10 1.157572500189608755e-09 -3.260155218450989414e-08 2.586982753891644798e-08 -3.226953490643759871e-08 2.191634758890593052e-08 -2.835361307687290133e-08
5.052824671062269159e-07 -1.429512524886540620e-06 1.251347910403910661e-09 1.658084165219124559e-04 -2.111507131645949610e-05 5.641856983906491923e-05 2.187347851274238188e-04 2.965864318295534483e-04 -7.826144372956059204e-04 2.798930693031746069e-04 -4.521036375768010788e-05 3.325565745245536017e-04 7.267809269703339652e-05 9.696465810209265948e-06 -1.023399344671108662e-05 -3.235499358384362993e-06 -3.285504271885096557e-06 -2.174801561156734517e-06 -4.207444307152633267e-06 -4.054536157557533680e-06 1.489025929991999407e-05 3.964530535003767841e-06 1.227340533510839911e-06 2.121366421110142431e-06 1.138123115482557476e-06 2.302613087160281422e-06 2.287333488986253011e-06 1.939442631236896239e-06 2.502570992465472762e-06 2.581800633372243098e-06 1.171514888913737775e-03 -1.077172770421598418e-04 2.036506668224393238e-04 -1.013481108007696478e-04 2.259599281400209172e-04
-5.876780803082770081e-07 -7.335400031170189148e-06 5.896687786084878590e-09 -2.111507131645949610e-05 5.860564766120557583e-05 1.233369533917458905e-05 2.128451503692206279e-04 1.940975766420468922e-04 -4.809558424520316163e-04 1.450269254129041628e-06 -1.166833649367743565e-05 1.601599983605396613e-04 -2.186915672047423797e-05 -3.918625458887709030e-06 -3.726971887763788329e-05 8.415219889533461309e-06 1.281200349379043227e-06 9.120864191861266923e-07 7.927383213546746737e-06 -2.422009759746549125e-05 2.032704457712510991e-06 1.948799633728691565e-06 8.943002481993672901e-08 4.634335813826794085e-07 1.682152014600206711e-07 1.165864330317601405e-07 1.383693237061140864e-06 1.898574609653197534e-07 1.497111147942559121e-06 -3.738986654583726810e-07 4.204413067391697310e-04 -1.710280847236321386e-05 1.263182034244350041e-04 1.408342842643884916e-06 7.582090633030442886e-05
3.278438652059144050e-08 -4.580546244614624105e-06 2.965738398397692469e-09 5.641856983906491923e-05 1.233369533917458905e-05 3.520785221083462616e-05 2.139037619886012941e-05 4.661299751863744103e-05 -1.067933985995509952e-04 3.000221925464202328e-07 -7.059631002959535593e-06 1.488907811830555011e-05 3.332802254334039310e-06 2.799085995356052983e-06 -1.485740531948046648e-05 9.561662968567937071e-07 -8.046924494262043517e-07 -2.876592814161166966e-07 -2.728384840650382666e-07 -3.809269727816260007e-07 -2.311734531626066390e-07 3.984963738013877712e-07 -2.684489444716314449e-08 9.987573939211428218e-08 -2.957404439326583156e-08 5.273542761068150837e-08 5.803062078463417071e-07 3.589903667292035353e-07 6.502840243102090971e-07 5.533154035497975796e-07 2.054831275952716805e-04 -3.970800975165723688e-06 4.780118019510103334e-05 -3.228054716040420530e-06 5.472476581075189610e-05
2.342743248275672593e-06 -2.545361990764657585e-05 -6.314953958144666824e-09 2.187347851274238188e-04 2.128451503692206279e-04 2.139037619886012941e-05 1.127251251642912705e-01 3.915776326501013010e-02 -2.305639495988131282e-01 7.891786125384655376e-03 -2.766501339763161385e-03 6.968345408606242686e-02 -1.043596630369571752e-02 -2.254316722727467848e-03 3.526040304896012334e-03 1.151975088697144615e-04 2.359873398423833086e-05 -7.779234649972904543e-05 9.178944738111526568e-05 -8.016462834224689568e-03 7.043216415371646405e-05 3.411363875792245582e-06 -3.342374719277825381e-06 1.780573064019148939e-05 5.380368247862108324e-07 1.319687141376664632e-05 1.014797635984787005e-04 7.631250041786510191e-05 1.059561826586947287e-04 6.693817504632633983e-05 -4.155756423196145521e-02 3.688139481568689093e-02 -2.920279675626495652e-02 3.657908393337545860e-02 -2.669154876546089850e-02
5.340657862196611799e-06 2.905954843459938796e-05 -4.579224895857376987e-08 2.965864318295534483e-04 1.940975766420468922e-04 4.661299751863744103e-05 3.915776326501013010e-02 4.213846169354511229e-02 -9.528246627354076959e-02 8.688049261909211105e-03 -5.571699700333609083e-03 2.101809826785323160e-02 -1.687481381507183534e-02 -2.902524671037900669e-03 3.561743630078601300e-03 -8.096353026221696561e-05 -3.028365840426797299e-05 -1.455180535971117460e-04 1.890700959356752338e-04 -2.942933044047909858e-03 1.430104073120239133e-05 2.626186349536660872e-04 -3.366369882622794997e-05 5.751167540559023279e-05 -3.687269308980863102e-05 5.470234868797214462e-05 1.556149940344010068e-04 5.668387353739348785e-05 1.647189507187934629e-04 3.452857417781238409e-05 1.277189860361981344e-01 -4.154732334403298845e-03 6.980910563701061416e-03 -5.439476968725197661e-03 4.909120025340934536e-03
-1.533999607335949193e-05 -2.808569185309863609e-04 2.544419991555040715e-07 -7.826144372956059204e-04 -4.809558424520316163e-04 -1.067933985995509952e-04 -2.305639495988131282e-01 -9.528246627354076959e-02 6.955780720105650961e-01 2.691197799932273579e-02 -9.199295598463297710e-03 -2.077978962225054960e-01 -1.960905088407676258e-02 -9.085233802693833127e-03 -3.321411709698647314e-03 -1.619496248077320188e-04 3.124178768095200640e-05 2.844812265521799049e-04 -8.430525370222680223e-05 2.712808092211758948e-02 -3.315836975185898299e-05 -3.210846015008415031e-04 3.019955304428479620e-05 -4.171270976629614779e-05 2.060306607915440185e-05 -3.251494061223571117e-05 -1.917095040393012131e-04 -9.447549752938962770e-05 -2.073010121989907726e-04 -2.372804135746141883e-07 4.580409381420998960e-01 -4.302498432550230095e-02 7.334869793384632408e-02 -4.080792939803364050e-02 6.785469021777439103e-02
2.174663266739512552e-07 -1.805688888839435546e-06 5.100901677318082005e-09 2.798930693031746069e-04 1.450269254129041628e-06 3.000221925464202328e-07 7.891786125384655376e-03 8.688049261909211105e-03 2.691197799932273579e-02 1.138053817918434629e-01 -2.109802237100669858e-02 1.386282823691507501e-02 -4.967275835656784211e-02 -1.682113183407911439e-02 1.871486563420104651e-02 1.226301363667903471e-04 -2.155344806409185314e-05 -2.465375933828961108e-04 3.291250921125742860e-04 9.308201847114045899e-03 1.151546295135934364e-04 -1.924376461891628347e-05 2.711229530509645908e-06 2.334601419640199845e-05 4.159214498415774377e-06 2.533196051777862796e-05 2.104769117997089666e-05 -1.639288049475175356e-05 2.239113516079771813e-05 -1.862127289646219608e-05 1.980481099353491869e-01 3.946169942682331658e-05 -1.675125344383253667e-01 4.520060149072764773e-03 -1.603244516606492920e-01
-2.129245715672553324e-07 -4.700734838405572828e-07 1.201955291779180258e-09 -4.521036375768010788e-05 -1.166833649367743565e-05 -7.059631002959535593e-06 -2.766501339763161385e-03 -5.571699700333609083e-03 -9.199295598463297710e-03 -2.109802237100669858e-02 1.004873307892588559e-02 -1.624946358483224168e-03 1.360118244761348606e-02 3.678997017158407764e-03 -7.738005011356796636e-04 1.852088955845843161e-05 1.645985131849427206e-05 6.640774460849931950e-05 -9.301971407805662527e-05 -2.922306686033323848e-03 -2.370054221530010362e-06 -2.980701154591272890e-05 3.918401877278564964e-06 -8.303258322888689167e-06 4.489751541891905428e-06 -7.475088050306699059e-06 -2.036392961896005895e-05 -6.527304571631336769e-06 -2.171616082148147448e-05 -3.706150491752758032e-06 -2.171952695493691576e-01 6.912774428126378101e-03 8.535717293355848251e-03 6.610471654096360984e-03 8.796618366210037093e-03
3.908824224740475727e-06 1.744479111359755134e-06 -2.876930105183050296e-08 3.325565745245536017e-04 1.601599983605396613e-04 1.488907811830554672e-05 6.968345408606242686e-02 2.101809826785323160e-02 -2.077978962225054960e-01 1.386282823691507501e-02 -1.624946358483224168e-03 2.170536002122237795e-01 -8.104419366192152849e-03 -5.762654368266081559e-03 -4.120486413661628849e-02 1.509753706303842090e-04 6.250156322849538103e-06 -1.428963839679659245e-04 1.909512084173378536e-04 -2.053979721662236961e-03 1.385284055700480171e-04 1.445484454087714830e-04 1.753903716402777489e-06 2.959243149343891425e-05 3.346389144139318135e-06 3.153047092170570189e-05 4.717663699370054089e-05 9.398901561151856880e-06 5.996568957544234007e-05 -8.571831708155489907e-06 -3.350763398548091132e-01 4.970522093201432817e-02 -2.093977757898949077e-01 5.212669475738526681e-02 -1.949440889579930336e-01
4.986916842407907095e-07 3.184353393396668089e-05 -2.142413717432986370e-08 7.267809269703339652e-05 -2.186915672047423797e-05 3.332802254334039310e-06 -1.043596630369571752e-02 -1.687481381507183534e-02 -1.960905088407676258e-02 -4.967275835656784211e-02 1.360118244761348606e-02 -8.104419366192152849e-03 4.395089417083141575e-02 1.413449067380375540e-02 -4.943334224040131682e-03 4.104285635405424183e-05 7.399422787850767951e-06 1.737375820784376216e-04 -2.871040205660803542e-04 -3.041133163383007328e-03 5.191762359396364171e-05 -1.421806358031672737e-04 2.127428942476134829e-05 -1.930192623201720163e-05 2.304202905159882797e-05 -1.889979249286566953e-05 -7.417101934384673367e-05 -2.954754020390608623e-05 -7.849312286971273133e-05 -3.017548522973768847e-05 -2.192934449970710409e-01 -1.408878610138612070e-02 6.323359468519934579e-02 -1.657623523289811565e-02 6.174803885962022731e-02
5.133808549434173916e-07 1.295905129108280145e-05 -9.656748042252801717e-09 9.696465810209265948e-06 -3.918625458887709030e-06 2.799085995356052983e-06 -2.254316722727467848e-03 -2.902524671037900669e-03 -9.085233802693833127e-03 -1.682113183407911439e-02 3.678997017158407764e-03 -5.762654368266081559e-03 1.413449067380375540e-02 6.576986789020079251e-03 -1.513511148046610931e-03 1.534190551395144374e-05 7.955558959353565526e-06 5.964287864406922750e-05 -8.661933673780377056e-05 -1.410007707393677503e-03 1.158572694730675670e-06 -4.149167475564285263e-05 3.405596559554756566e-06 -4.805056032866131549e-06 3.743397562404320450e-06 -4.951586362641538124e-06 -1.464340470373229309e-05 -5.498329174120705262e-06 -1.681056195641540877e-05 -6.480273922720209753e-06 -4.246226679610433374e-02 -3.518395227754389509e-02 2.137995662550130210e-02 -3.691627156794703019e-02 2.044504074009123595e-02
5.813762165721675068e-08 -9.995419607595941593e-06 1.412040498119267741e-08 -1.023399344671108662e-05 -3.726971887763788329e-05 -1.485740531948046648e-05 3.526040304896012334e-03 3.561743630078601300e-03 -3.321411709698647314e-03 1.871486563420104651e-02 -7.738005011356796636e-04 -4.120486413661628849e-02 -4.943334224040131682e-03 -1.513511148046610931e-03 1.005454682738552846e-01 -1.320434349036905168e-04 -2.380840472883380396e-05 -1.564041091962161854e-05 -6.481500505579247864e-07 2.590987720433623239e-04 -2.256780782485337696e-06 1.141159135948635123e-04 -9.566416581763528536e-06 1.206274456119196298e-05 -1.194617089802309792e-05 1.152213073970920035e-05 1.498821489807396161e-05 -6.295013637241258803e-06 1.450077004075797325e-05 -3.893863651576360674e-06 1.137620589370302859e-02 1.961473468298049680e-03 -1.167387650916104982e-02 2.277147708711809489e-03 -1.350707481902490605e-02
-2.361628251541251049e-07 4.840035668949314541e-07 7.490810923087503820e-10 -3.235499358384362993e-06 8.415219889533461309e-06 9.561662968567937071e-07 1.151975088697144615e-04 -8.096353026221695206e-05 -1.619496248077320188e-04 1.226301363667903471e-04 1.852088955845843161e-05 1.509753706303842090e-04 4.104285635405424183e-05 1.534190551395144374e-05 -1.320434349036905168e-04 8.781617152015150059e-04 -1.543315098210161617e-06 1.449740496465337411e-07 -8.461688211799154758e-06 2.005395105085847877e-06 5.584052875459523716e-07 -2.397985172374667823e-06 3.313418596878193618e-07 -1.787974346435519716e-08 4.444574307581552546e-07 -1.336958054835146915e-07 -1.028650187398043473e-06 -5.052022975910710438e-07 -7.768996962097556235e-07 -7.507716355657424049e-07 -1.388354295055996409e-03 -1.251683542839705603e-04 -3.662550354015577797e-04 -1.243651488408985424e-04 -5.315428664723889293e-04
-1.555606257193385833e-08 -5.073183361377851735e-07 5.822580022412448324e-10 -3.285504271885096557e-06 1.281200349379043227e-06 -8.046924494262043517e-07 2.359873398423833086e-05 -3.028365840426797299e-05 3.124178768095199962e-05 -2.155344806409185314e-05 1.645985131849427206e-05 6.250156322849538103e-06 7.399422787850767951e-06 7.955558959353565526e-06 -2.380840472883380396e-05 -1.543315098210161617e-06 2.854795472488557643e-04 -3.711502216336755683e-06 -2.749690705397696544e-06 -6.881498881775134841e-06 -2.846830770500146588e-08 -4.919377355778004404e-07 1.621408856625445612e-08 -1.096153110791680493e-07 4.435064673963219128e-08 -6.200109149865781161e-08 9.666664806623695500e-07 4.673511849477135686e-06 6.925333866950544003e-07 4.594456877358397397e-06 -4.800397579461126410e-04 -1.066244952630059409e-04 -1.201552474103964954e-04 -7.014437801796224027e-05 -3.830398849547888684e-05
-1.620685603144470443e-07 -1.262446288938659002e-06 5.920481261508949118e-10 -2.174801561156734941e-06 9.120864191861266923e-07 -2.876592814161168025e-07 -7.779234649972903187e-05 -1.455180535971117460e-04 2.844812265521799049e-04 -2.465375933828961108e-04 6.640774460849931950e-05 -1.428963839679659245e-04 1.737375820784376216e-04 5.964287864406922750e-05 -1.564041091962161176e-05 1.449740496465341647e-07 -3.711502216336756530e-06 1.386675300654772753e-04 -5.538224634174252437e-06 -9.216016163031509433e-06 2.268292652382815524e-08 -1.990889454852066374e-06 1.701897719402125871e-07 -1.873699883467690144e-07 2.162251274960822657e-07 -1.202521253090448286e-07 6.102387984329211893e-06 2.489313512628574603e-06 6.296966698785347903e-06 2.778855812159091414e-06 -1.028036584195557782e-03 -9.546713227143546233e-05 2.745521667099643653e-04 -1.063560763464722718e-04 3.014623044009447257e-04
-2.989486961407917466e-07 1.437754352623875795e-06 -1.029994124930170601e-09 -4.207444307152633267e-06 7.927383213546746737e-06 -2.728384840650382666e-07 9.178944738111526568e-05 1.890700959356752067e-04 -8.430525370222678868e-05 3.291250921125742860e-04 -9.301971407805662527e-05 1.909512084173378265e-04 -2.871040205660803542e-04 -8.661933673780377056e-05 -6.481500505579198101e-07 -8.461688211799154758e-06 -2.749690705397696544e-06 -5.538224634174252437e-06 1.430096998098111596e-04 1.837510298562095623e-05 -1.669156040402575206e-07 1.909788614570690465e-06 -2.666181897629748629e-07 3.188140905089730925e-07 -2.886555286284361064e-07 2.486272836314817641e-07 2.031735864148170172e-09 -3.399845645229390735e-07 -9.633747862070555631e-08 -3.662591965695289070e-07 1.404832783455099796e-03 1.819004150293451483e-06 -4.429026960386083780e-04 -2.334301998985881808e-05 -5.365816429525392499e-04
-4.204557641607087065e-07 4.965631711329994814e-07 2.333210541628095322e-09 -4.054536157557534527e-06 -2.422009759746549125e-05 -3.809269727816257890e-07 -8.016462834224689568e-03 -2.942933044047909858e-03 2.712808092211758948e-02 9.308201847114045899e-03 -2.922306686033323848e-03 -2.053979721662236961e-03 -3.041133163383007328e-03 -1.410007707393677503e-03 2.590987720433623781e-04 2.005395105085847877e-06 -6.881498881775133994e-06 -9.216016163031514515e-06 1.837510298562095284e-05 2.675307004557444732e-03 -1.140028653780356164e-06 -2.865298723115540925e-05 5.473912327228345202e-07 1.507845251301204146e-07 2.557584031397701630e-07 5.434602286160611482e-07 -8.575949459644162916e-06 -8.637914946250901035e-06 -8.506562713463671507e-06 -7.187926551312803867e-06 5.149852222592438133e-02 4.194159815453636295e-03 -7.977930292504960622e-03 4.415270586525859783e-03 -7.394324938680306089e-03
1.212178350335975926e-08 -8.528311078384986532e-07 4.508650163143084006e-10 1.489025929991999407e-05 2.032704457712510991e-06 -2.311734531626066390e-07 7.043216415371646405e-05 1.430104073120239133e-05 -3.315836975185898976e-05 1.151546295135934364e-04 -2.370054221530010362e-06 1.385284055700480171e-04 5.191762359396364171e-05 1.158572694730675670e-06 -2.256780782485337696e-06 5.584052875459523716e-07 -2.846830770500146588e-08 2.268292652382817509e-08 -1.669156040402575206e-07 -1.140028653780355952e-06 8.788228994201167701e-06 8.504473819869975227e-09 4.867618695883974282e-09 1.363985612067472644e-08 -1.013450278561655313e-08 2.081007207290110625e-09 5.719624839713646405e-08 3.140006430223794930e-08 9.823561909480340953e-08 1.311135208425279210e-07 5.151631480867146037e-05 -7.362326375907045519e-06 1.228269978182246994e-05 5.232670893356731394e-06 1.767409930765267111e-05
5.238930891776860156e-08 4.293989321066663932e-07 -6.331318485159524039e-10 3.964530535003767841e-06 1.948799633728691565e-06 3.984963738013877712e-07 3.411363875792245582e-06 2.626186349536660872e-04 -3.210846015008415031e-04 -1.924376461891628347e-05 -2.980701154591272890e-05 1.445484454087714830e-04 -1.421806358031672737e-04 -4.149167475564285263e-05 1.141159135948635123e-04 -2.397985172374667823e-06 -4.919377355778004404e-07 -1.990889454852066374e-06 1.909788614570690465e-06 -2.865298723115540925e-05 8.504473819869975227e-09 1.887953767915634897e-05 4.378229192739099540e-07 1.446185473322477882e-06 3.830046622369183965e-07 1.428110111898265603e-06 1.360813892160323171e-06 3.230033768439351737e-07 1.521516111228882553e-06 -2.002030798668973967e-08 2.098122571927346636e-03 -1.848130489724045556e-06 1.020779309101419732e-04 2.381959980952607884e-06 8.598010428295720185e-05
-7.184238250903563979e-09 -1.501856952078080964e-07 1.116251382413422653e-10 1.227340533510839911e-06 8.943002481993672901e-08 -2.684489444716314449e-08 -3.342374719277825381e-06 -3.366369882622794997e-05 3.019955304428479620e-05 2.711229530509645908e-06 3.918401877278564964e-06 1.753903716402777489e-06 2.127428942476134829e-05 3.405596559554756566e-06 -9.566416581763528536e-06 3.313418596878193618e-07 1.621408856625445612e-08 1.701897719402125871e-07 -2.666181897629748629e-07 5.473912327228344144e-07 4.867618695883974282e-09 4.378229192739099540e-07 1.105451529750554495e-06 7.767057174472575359e-07 8.340063114051767283e-07 6.658876430111768268e-07 -2.930923116137248736e-07 3.301631321750310546e-10 -5.822682806878247731e-08 1.449638586363980230e-07 -9.718534562088562896e-05 -3.990530285648832122e-06 2.898840510941183074e-07 1.548429679756354568e-05 -4.519481788168724829e-06
1.202403905039437726e-08 1.167529341715114783e-08 -8.969013474861377247e-11 2.121366421110142431e-06 4.634335813826794085e-07 9.987573939211428218e-08 1.780573064019148939e-05 5.751167540559023279e-05 -4.171270976629614779e-05 2.334601419640199845e-05 -8.303258322888689167e-06 2.959243149343891425e-05 -1.930192623201720163e-05 -4.805056032866131549e-06 1.206274456119196298e-05 -1.787974346435519716e-08 -1.096153110791680493e-07 -1.873699883467690144e-07 3.188140905089730925e-07 1.507845251301204940e-07 1.363985612067472644e-08 1.446185473322477882e-06 7.767057174472575359e-07 1.321296582667197101e-06 6.712636273305216974e-07 8.764001530864452298e-07 2.612653045878937734e-07 -2.877050814025172270e-07 4.054893929794058051e-07 1.170406933923094575e-07 2.233412733262020054e-04 -1.071488434811309846e-05 2.944393573791712640e-05 -1.539101982205557109e-06 4.256295215823070726e-06
-6.783537897094818934e-09 -1.437461993159749499e-07 1.144752251174177757e-10 1.138123115482557476e-06 1.682152014600206711e-07 -2.957404439326582494e-08 5.380368247862108324e-07 -3.687269308980863102e-05 2.060306607915440185e-05 4.159214498415774377e-06 4.489751541891905428e-06 3.346389144139318135e-06 2.304202905159882797e-05 3.743397562404320450e-06 -1.194617089802309792e-05 4.444574307581552546e-07 4.435064673963217804e-08 2.162251274960822657e-07 -2.886555286284361064e-07 2.557584031397701100e-07 -1.013450278561655313e-08 3.830046622369183965e-07 8.340063114051767283e-07 6.712636273305216974e-07 1.166682788411239172e-06 8.171013427674080142e-07 -7.979876315881584464e-08 9.565270699410152613e-08 -3.842549140129855985e-07 -1.300596246233122433e-08 -1.265991275907237109e-04 1.312974481174677715e-05 -1.014921856838614175e-05 -6.930311694275100017e-06 -3.293763118896184108e-06
1.602055355468327242e-08 3.730294762817892310e-08 -8.363014656902902692e-11 2.302613087160281422e-06 1.165864330317601405e-07 5.273542761068150837e-08 1.319687141376664632e-05 5.470234868797214462e-05 -3.251494061223571117e-05 2.533196051777862796e-05 -7.475088050306699059e-06 3.153047092170570189e-05 -1.889979249286566953e-05 -4.951586362641538124e-06 1.152213073970920035e-05 -1.336958054835146915e-07 -6.200109149865781161e-08 -1.202521253090448550e-07 2.486272836314817641e-07 5.434602286160613600e-07 2.081007207290110625e-09 1.428110111898265603e-06 6.658876430111768268e-07 8.764001530864452298e-07 8.171013427674080142e-07 1.521901925911398224e-06 3.738010025511517463e-07 1.818701147800744269e-07 2.597030639726319156e-07 -5.016815230292372435e-07 1.863231009977084178e-04 -2.109550879564969175e-06 2.349346454514361027e-06 -5.656790741494563870e-06 2.010796438797938533e-05
-6.895963451717099670e-09 -1.055032092363885576e-06 4.545289036318431256e-10 2.287333488986253011e-06 1.383693237061140864e-06 5.803062078463417071e-07 1.014797635984787005e-04 1.556149940344010068e-04 -1.917095040393012402e-04 2.104769117997089666e-05 -2.036392961896005895e-05 4.717663699370054089e-05 -7.417101934384673367e-05 -1.464340470373229309e-05 1.498821489807396161e-05 -1.028650187398043473e-06 9.666664806623695500e-07 6.102387984329211893e-06 2.031735864148131295e-09 -8.575949459644162916e-06 5.719624839713646405e-08 1.360813892160323171e-06 -2.930923116137248736e-07 2.612653045878937734e-07 -7.979876315881584464e-08 3.738010025511517463e-07 7.529260143800724815e-06 2.239964246736239183e-06 2.845393977339888028e-06 2.104051437533172746e-06 5.774251105378422344e-04 -1.324707443881525693e-05 5.725258071648469218e-05 -3.793087041955989897e-05 4.691754798464488232e-05
-2.160356402903971668e-08 -1.178564203169301861e-06 8.966717401795309315e-10 1.939442631236896239e-06 1.898574609653197534e-07 3.589903667292035353e-07 7.631250041786510191e-05 5.668387353739348785e-05 -9.447549752938962770e-05 -1.639288049475175356e-05 -6.527304571631336769e-06 9.398901561151856880e-06 -2.954754020390608623e-05 -5.498329174120705262e-06 -6.295013637241258803e-06 -5.052022975910710438e-07 4.673511849477135686e-06 2.489313512628574603e-06 -3.399845645229391264e-07 -8.637914946250901035e-06 3.140006430223794930e-08 3.230033768439351737e-07 3.301631321750310546e-10 -2.877050814025172270e-07 9.565270699410152613e-08 1.818701147800744269e-07 2.239964246736239183e-06 6.656184624511505437e-06 2.126774885732614007e-06 2.373653579700477284e-06 2.773113483837812707e-04 1.791677837682172704e-06 7.208850910486338766e-05 -4.804692338206777554e-06 7.252054102041654009e-05
-6.877646444724896592e-09 -1.065453639203562419e-06 4.613642667792933860e-10 2.502570992465472762e-06 1.497111147942559121e-06 6.502840243102090971e-07 1.059561826586947287e-04 1.647189507187934629e-04 -2.073010121989907726e-04 2.239113516079771813e-05 -2.171616082148147448e-05 5.996568957544234007e-05 -7.849312286971273133e-05 -1.681056195641540877e-05 1.450077004075797325e-05 -7.768996962097556235e-07 6.925333866950544003e-07 6.296966698785347903e-06 -9.633747862070555631e-08 -8.506562713463671507e-06 9.823561909480340953e-08 1.521516111228882553e-06 -5.822682806878247731e-08 4.054893929794058051e-07 -3.842549140129855985e-07 2.597030639726319156e-07 2.845393977339888028e-06 2.126774885732614007e-06 9.617754185431740091e-06 2.249323442352549002e-06 6.123095968559812054e-04 -1.009230397412575489e-05 5.906952419354693341e-05 1.018854377828921700e-05 4.276650394888567027e-05
-2.619334837871632544e-08 -1.584692696813125606e-06 1.157572500189608755e-09 2.581800633372243098e-06 -3.738986654583726810e-07 5.533154035497975796e-07 6.693817504632633983e-05 3.452857417781238409e-05 -2.372804135746054798e-07 -1.862127289646219608e-05 -3.706150491752758032e-06 -8.571831708155489907e-06 -3.017548522973768847e-05 -6.480273922720209753e-06 -3.893863651576360674e-06 -7.507716355657424049e-07 4.594456877358397397e-06 2.778855812159091414e-06 -3.662591965695289070e-07 -7.187926551312803867e-06 1.311135208425279210e-07 -2.002030798668973967e-08 1.449638586363980230e-07 1.170406933923094575e-07 -1.300596246233122433e-08 -5.016815230292372435e-07 2.104051437533172746e-06 2.373653579700477284e-06 2.249323442352549002e-06 7.341159440059902541e-06 2.073290898430132576e-04 -4.008821784263872666e-07 7.138969902916987922e-05 3.977776232561431673e-06 4.803749142825121583e-05
4.424155201736433679e-06 -3.117848146922663124e-07 -3.260155218450990737e-08 1.171514888913737775e-03 4.204413067391696225e-04 2.054831275952716805e-04 -4.155756423196145521e-02 1.277189860361981066e-01 4.580409381420998960e-01 1.980481099353491869e-01 -2.171952695493691576e-01 -3.350763398548091132e-01 -2.192934449970710409e-01 -4.246226679610433374e-02 1.137620589370302512e-02 -1.388354295055996409e-03 -4.800397579461125868e-04 -1.028036584195557782e-03 1.404832783455099796e-03 5.149852222592438133e-02 5.151631480867146037e-05 2.098122571927346636e-03 -9.718534562088562896e-05 2.233412733262020054e-04 -1.265991275907237109e-04 1.863231009977084178e-04 5.774251105378421260e-04 2.773113483837812707e-04 6.123095968559812054e-04 2.073290898430132847e-04 6.396177896153255382e+00 -2.814112752318757016e-01 6.889472089912774821e-01 -2.909603282866835006e-01 6.310441373028138345e-01
-4.519281330344316259e-06 -3.282528191562966008e-05 2.586982753891644137e-08 -1.077172770421598553e-04 -1.710280847236320370e-05 -3.970800975165721993e-06 3.688139481568689093e-02 -4.154732334403298845e-03 -4.302498432550230095e-02 3.946169942682371638e-05 6.912774428126378101e-03 4.970522093201432817e-02 -1.408878610138612070e-02 -3.518395227754389509e-02 1.961473468298049246e-03 -1.251683542839705061e-04 -1.066244952630059409e-04 -9.546713227143544878e-05 1.819004150293451483e-06 4.194159815453636295e-03 -7.362326375907048060e-06 -1.848130489724053603e-06 -3.990530285648831275e-06 -1.071488434811310015e-05 1.312974481174677715e-05 -2.109550879564968752e-06 -1.324707443881525693e-05 1.791677837682171856e-06 -1.009230397412575150e-05 -4.008821784263859961e-07 -2.814112752318757016e-01 5.796975434536788541e-01 6.018037550889539927e-02 5.532166391228219293e-01 6.020464663632508345e-02
9.532016492468536558e-07 3.968664677426362810e-05 -3.226953490643759871e-08 2.036506668224393238e-04 1.263182034244350312e-04 4.780118019510104011e-05 -2.920279675626495652e-02 6.980910563701061416e-03 7.334869793384632408e-02 -1.675125344383253667e-01 8.535717293355848251e-03 -2.093977757898949077e-01 6.323359468519934579e-02 2.137995662550130210e-02 -1.167387650916104982e-02 -3.662550354015577797e-04 -1.201552474103965361e-04 2.745521667099644196e-04 -4.429026960386083780e-04 -7.977930292504960622e-03 1.228269978182247502e-05 1.020779309101419732e-04 2.898840510941174075e-07 2.944393573791712640e-05 -1.014921856838614006e-05 2.349346454514362297e-06 5.725258071648469218e-05 7.208850910486338766e-05 5.906952419354693341e-05 7.138969902916987922e-05 6.889472089912774821e-01 6.018037550889541315e-02 6.542406105167919428e-01 4.757734620044051094e-02 5.362636015621188301e-01
-4.475300976529785544e-06 -3.835454721101146753e-05 2.191634758890593052e-08 -1.013481108007696207e-04 1.408342842643874963e-06 -3.228054716040430271e-06 3.657908393337545860e-02 -5.439476968725197661e-03 -4.080792939803364050e-02 4.520060149072765640e-03 6.610471654096360984e-03 5.212669475738526681e-02 -1.657623523289811218e-02 -3.691627156794703019e-02 2.277147708711809923e-03 -1.243651488408985424e-04 -7.014437801796219961e-05 -1.063560763464722582e-04 -2.334301998985881808e-05 4.415270586525859783e-03 5.232670893356739017e-06 2.381959980952607884e-06 1.548429679756354568e-05 -1.539101982205557533e-06 -6.930311694275101711e-06 -5.656790741494563870e-06 -3.793087041955989897e-05 -4.804692338206780942e-06 1.018854377828921870e-05 3.977776232561423203e-06 -2.909603282866835006e-01 5.532166391228220403e-01 4.757734620044051094e-02 6.144658285518362906e-01 5.658360874362824283e-02
1.919027879896877641e-06 3.226078163825412770e-05 -2.835361307687290133e-08 2.259599281400209172e-04 7.582090633030442886e-05 5.472476581075189610e-05 -2.669154876546089156e-02 4.909120025340934536e-03 6.785469021777439103e-02 -1.603244516606492920e-01 8.796618366210037093e-03 -1.949440889579930336e-01 6.174803885962022731e-02 2.044504074009123248e-02 -1.350707481902490605e-02 -5.315428664723889293e-04 -3.830398849547886651e-05 3.014623044009448341e-04 -5.365816429525392499e-04 -7.394324938680306089e-03 1.767409930765267788e-05 8.598010428295720185e-05 -4.519481788168723135e-06 4.256295215823072420e-06 -3.293763118896186225e-06 2.010796438797938533e-05 4.691754798464488232e-05 7.252054102041654009e-05 4.276650394888567027e-05 4.803749142825121583e-05 6.310441373028138345e-01 6.020464663632508345e-02 5.362636015621188301e-01 5.658360874362824283e-02 6.307852089217463876e-01
